$ANSIBLE_VAULT;1.1;AES256
33613331323965306431633334653339313764653337346232366539656532333339643962326563
3730336335623431363164303766363830636631303537650a313861363032633162326563666263
36383065343432663233613766646136613534323438643865633361346665356334313034393631
6530656261656236660a623761313666386533313939323332313535666433376363623234613339
38663330656437653664313163356362633866316463663735373639646664306535356433343261
63336466616566643063363062343835376261383466646633663665303332383938383135356363
37376139313036626336306561613835333461393531656665303831646565363631396531323062
34633333306638643138306265616632383666323237643431666266623765393566653565653365
62303034656561333031383437373038316232393165623933663463343739323430633861313136
64306237313936323931373163326166356136396464353465636134313632353864663362633632
34616664613538353139623931666637323230393936343534626136383130623466343631666662
33376230386365323034663732343139393138363530373830326538313064383737613762346363
39646135663031663336373464383664323735353935323937663830363561623134393862383234
38666261633762613933373730646137636261366534643238323937333862353063346466383435
38383537346332346365343037626661653962366264393431666263623937303533633136663064
62663636343365326563343065313564316562396462353731393961333935636566346332636361
62346263316239613561623364376362613565336338396232656665643066316132656263656430
62313234373834663832363838646562353966646562346531313937353962323538623864666561
63326163666434363463636338316363326139383062356164666162656233313036383432323334
64363432646464633563643935366634323334323961623165386531386334316566343539393830
64343666323261316430613365333635396231323431313430643964626636646136633463613861
61643961343830366364646561633131376463633962333638353336613533336163613165306330
39356364626232336362343730303837643239616532333137633638643831363636383736393131
32356632643139333631666236613065386331393136373032323061643833336264666364373330
34353262643365646561656137393335616330633365323330643862323735643162623866353165
31353638326664613262646334623132653433353537353534356331633762323535623238313939
30326231323433373334613636343238313832633363343130326439393536666639313537323739
65323938313734363965316639333662303964643438396464633936653534323865356631363533
36373132333137313564616536363763306432623837333636353565393135366431653666316665
61353239393332316130353561626536366162383231383236353139336434646631633034373566
38376630346662646538343062323431323333383638303532653730343230373730353034316236
36336163393639396662343935306662363962343539643335616163303936356463393937333734
39353261653737343033366261656233346664306363373566393866626234633333316239306237
62336434376461333662613064346432333963633537333737326666666636396232306338613030
30366164316434663038616563636439623163376363663131373330336636316365313330656137
62363362643132656265373937323336656465353037323734323764323862386438333430303563
37636662643365336663356633643266626366396339326431653364643335333033353061316533
30386464343435386231623364666339613964636439323631613331333662386339363530353832
31633531316363623331343539666431646364376339373966376434313835366666336439333237
61633431613931656333396365666162653232353966646233366563376638623866313334343263
61393234663265613961616363373133323839633631353436373632663035633263633839373266
66646330366535366564616462613036656237316165373365316336643731356535353331386534
39633934313132363133616563343733623563306635323033663633383764343563353861303234
66376534396662633265363738383839366463306363373331646136666465613865313964633337
38363836323164393839316232343364613533323236633532373933306534643266353930353139
31616662613236336165626666663737333132336330623939653736366338633363343266323562
66393133386430636662613339356566386232353166646537616566333030313161346535643262
61663161623938313539323238313630623131386438626264333136656335643234646232346631
64623162636161326533616633393830313865643737343436636664306465636361666230363264
65306237373164633936626233666430386433326363653433363363303734646631356539326464
61353136356164633637636163333132313836666332616565623965386162656665623666386136
36386232643630393266636234653832623831386432383535366130323262386335623730633534
62373064326338613864623566353438356434313133653461653639326631656564353535613232
35653862653838626366656132313637353664323339626332343137326232653163653636373631
65643934333264666664323737383463633137366238366439616630386138386432333833636362
39333439326335386137393831613937636131383334336631303735653066613463623630616263
36346430373561636563633139653332356232666633363233336535353934326264313165356666
61613432323831303062396561303166326664313833393062653061393730373861353962353165
38626661393934643562646265366230663962643666366661653435396136643734373961626664
32653461323034303066353233323236663732396239376364313137646266636262306230333762
37623031633032613963666134663664343131613633633337373562633932346332343732346163
33346163353162363332333231653265666534313664336639306461346364646563363462633866
32643865303539373764323130366435313537326331376632623934633433326365633462623933
30613863363064663939
