$ANSIBLE_VAULT;1.1;AES256
33393330623133643334636166373464356631383962653538323630656533333935646265333937
3762663431306630386533383366343135393664326137310a373465393661393838333365613037
38346330653333383266373634623333623661366635376631336266363632303334346566386532
3033383261356333320a616236613965613139353230623762633739353430646364656438306665
32343330666563613535636566666364626532373831643737623439623563386635636337326136
63373730306265663434313163623263323832623064393134326631636631303963343838653661
30643535623431323337363534343466306235306163303964316164343131613336633363623734
34336262666530306633376263333039666330306331363564313861343330393439636366626332
32333265343637356534393334663363616336663936373739396161646237633662616239366437
61386531326462333461646534643865383364323061626435323363366562666566646165306164
61343066666264666264636264393230613438333661363536393466666533636532366363643063
62643739343337633839326464366465343333323364396166333137353666363037616134333437
31666432393639316163336436613834383231383965323132663635653336323233343863363830
39313635333461303536343261346631316139383464373138316462623662633436373330313134
36306137393333316132343632653138323336313336376130393531383535306434346130313038
66613938623735346637396138613132343132323535386537316236383763646364353037316133
31373265666666306339353161653334336436643539633939643431393730623062343934353764
35326265313336656663313035333932643161626661326636623834343236643134323131333632
61323037366464313430636162393334663862666464326630356434646262316237616165373233
36653231373766336166376235663261633932663033363537383738663864653063353863656264
38383064663834383839316262326439643334653735386561303933613439643761383833323436
31636266373933653061323363336134396261303662343861303330623630313137633137326163
39373430386261643036333932613765336165313335356339343064663039383062373336393337
64666131613766353764386337313631623163323037373065633966313636396463643239656433
39326362666261326531653134636131616362666662376565326636643062343964376634353566
66656439646434303264363236356534366564363334356565366664323931363034333963636435
39636337636637653931346634613661653862373065623934323330666538616130303264653930
37386138646537376462613066616461386231343638373635323738386235353464353030303730
37323637616134393464313039356161303834646632633037623065313962626236313430663238
62323237623235653039396336333762316439313666626534656461373938623862333635323163
38353238376138363739326461623763323936626134343036346334636666353164653062613564
37616139653133393066656534323135303131633764356138656666643534663464373634393261
61616231313264663835646438373966396431666366666466623337363862396462333832636134
65323938323735393366643434386239346561663364646166623739363130646335316365346236
38653664626136656230333537356235336334386637626339353661393131343561663338336237
36653737663337393430343361373636656665363064366563336566313832373734636337323632
34633939643334386538643330643532373262383233613837326636313639323935323737633832
35346331393134353664656565626232646464376366616263353964623339633035353131643964
65316465646334656264633930663338323633386638643365656335663866653438623232656464
33653463336261663938303032336563343532366635643064363861636531613165316434346365
38363730633134653530313964643133363037643336303838366166646435316537633631313962
31643562633037613664656531356361616566353164646533333738316437613832623635383663
39626566356535653866383930323663386630656366303732653639653039616165353533666634
32393964636165623735303531396539616531623936303030653365633735636632363231336264
61333861353338363531323139373765663330343832666434366264343632343737643230303636
31626563346461323739613538373031393232623266666137666364616463366632376466353838
38323930643163383066366130303735383064393061313836336235376161306162356364613236
32346634333539333261323265623637656536353537303262363637626661393061663830306635
32613966373339616435306264666132313131326236633462616436616334363033666531376163
30343230306431396535396338656235623738623165646537313830626139653566653038343437
32363061316231356633316434326336346332333131623834393830316664623735663735643239
36653136366462376465376130303038316233373531306433396265323632323534336265373166
34613130353633366538323531663064613031303137633938633233333465396636646639336638
32376133656432383039353961343266343137313438336338616337666266623135373531613264
33613134303739613736386436656665336531326461323039633438663363653933376136343637
65626239383130333130346434343936643539646535613061626134326662613334613362636531
30356231653965646134643234396162383031616261353236623765333536386266323239663131
38336336393866346637333465316433393465386561663634613565353734663432303436666234
34333366666663316463333863623664343830303333383663313237313033303962663463656533
64636231633934303236316663303533633265666437346634643766316665373132613463623666
66663039303231333664633738316464626638613733393134613835306463343035383033326532
64353835346563663766656135356138636563623739613030643635633762356130363233616136
35333336373936366234616139353966653862343433333234353036313664353234363630333335
38373965653738336235333562353464393939653930616332343938356336636338383466343661
30623136656637643862323036666438656466643939396165613762393463383066343135396464
30343034303263343466636636356335336164653338636263326138363933666338336531376235
65616139303939613962353139323564313966396430616533313561373733633466656466633434
65323236346232646364386339653866373361373033666434353463353438616436306638366361
36663839393338616535373835373930383538653036363038633266323066663031396362346632
39303662626138623934343937336130396530303732336535303832336665623532343938393435
31323930333332353862393434376238373162643630386230633031383962323631346333333532
35646135386239383437366336653330316433626364386564336464666230626530323538386234
37323734366264616264663564373264633538396136636164616630653132383536343366376362
37313461333563636639653335616338636666663762643861376336356337373937653431323138
33333838326139383563636364316437356536306530306535653236323538333762646434613637
37633365613737613038303637343830333363393632396639656330393166353530623231356139
61313566613038346135613931616331393235303062376665336537626333306331343834303236
33396538396533386362326662313838356138663330613233643166306365646136313636393337
61663066633664336133646166313063643438306665326562306133306438333632643264323736
30333539393837363365626565316530623666386631353165326432396166316538373933306464
64643365653832396534363131396261396462393465303231346138353762306262326136636439
64343433303637313335303338666537646662653864366531353330313139313863626633393935
35313935303261666237323534653430623331663462633135643361316233396535643339333436
62363761376539393830326366643166343631306664613633323166343632616266326263376466
66626233626230353539313966356335656663623861653464363139333333616663623363636563
64653164346464343238633765366135353035663831366634373933346564386265376461303361
62333434656138633035353761643730366632373430346562336636363862333939653863626639
31636636383461656634663435323861393162383035353464363630383032326562306638326131
65323166633239636664373766396263343137663564663538646463653433316666396333663730
62386535343338643765313361343538383731336432616461633661666662373330376234356331
38306663623431393738313433376535393433363534346439366264363936346263333935303161
35646337313665373637343934303632323630303934333864313932343234373435313563356331
33643362373230303034646131373730636634343564376137376331663232386261613132336530
63376636646336623239306161343664333031363664306361396362653565633336633330653961
33346130633634313761383637306530633033623061343163366466316636383063363935626262
33623436353437633662656165333733333563626231653036303436653632376165356566666633
31303533346164636464643534653032383433336235396430616533343364613265633432383332
61623633376265356133383939383834666163373264396230393262396434663666626631646566
62663063313938343937313731373461303732376135626535333761656265336333373666353233
34646461633035626137313832623463383433313233663264313862326339313230386563303337
63376262336561386337303831393338386463653534356432643561356137643732646130323033
33396334363738353365646465326366393938383135383430323432613837396333643465313663
32356133336438363034653566663239653838336265626234613061363131643336343335313663
30393230356138653261306138336661386563636637663363343064313166373162653838316566
35366531346434336237336233346463613566363864663763663933643931303130616530353730
31616134333838663965613865343236393537376435363766376239303363313866383162343164
33326434613766623462333261356239663631316461373330666534666532366435653865323632
37343232313235616233663462663233626165383634383631393938396532396339383734626664
35396338393763663432363039643262666339373264653437656334666431626339626233653734
36393866346565303661623565393232343435376531386461623164346161373038656637303666
35346535303237613564376636396135356338396634343961323631623436323337656665383463
36303832303065323635636262383162376364633836616630616361363734366234656335613534
33303365303464346438313431343133353531353333613736383966613330663832306430383139
32633637313763636465306238363336653636386133303932303866653538323634643331373538
31626561386238623636393435623166626266333466666534353137343563313563316634376665
39316631623162343132653966353638343161386639316138636332616539386361613330643036
35363433626464393933353430383037313332306534643764353365393466653566626438633338
61636461666163613535333338373866356539666264383937346262313934356263616261323361
39373833323034633235336461373431343135366162353739656361633861333666626238363639
30656262386437613537356166373764356430613133616236346663316130613238343936346435
38323664633435613238323932636336623862323663616230626132313236666662613936346637
61653734643165333964376565336365333762633365613237373432323865316465333838333439
31313632383539613134623964356433636433613365613635636564366238303630646163646562
39656537393737613235666637373033373563333534306230653335366532633462353838343436
30326436613532613833383063393966353361313366343737363037373933633232666633356538
38326539623937366563663332653838386238666333376139363833393531346464323461333031
34616639353931363639306365343163373961616261396561363333663465643133313030663962
36303937316532363536366563333530303637336539346336666236326532343831353439653938
62333038373134306536616234386132623962376635363934636330366532643435
